F1: 0.8324873096446701
AUC: 0.8374149659863946
Accuracy: 0.8374384236453202